-0.0206764465541609
0.669440150160291
1.91451036467926
-0.771161328861005
1.01786467721581
-5.08192433417837
0.41863495163262
1.43483731696796
-2.8957868859411
0.400442655008869
-0.314180318738628
0.312436059887446
1.7471932396519
0.857075523773861
0.686426270213365
1.14793265794772
0.529144212989261
-1.46847672029293
0.146042869654247
0.346545431386462
0.535795964153275
1.13188365308091
0.521201954798745
0.164452048853948
0.475149733737228
-0.176337955830849
2.20153173225527
0.519968467375025
-1.86220477929096
0.748702974030806
-1.16001989113043
-3.2320581234941
1.93296991931764
0.791111628317593
0.857268266048699
-2.42928343598835
-0.590532504617262
-0.691043925529734
0.467102428369515
0.125636931444173
1.74081491149082
-1.1130535247562
-3.20326046475569
1.47674771046306
3.72271651483336
0.516413484438374
-9.61127139021769
1.63914734028493
0.808153019924363
0.173684995729932
0.27053315309866
0.687329761043038
0.371463050609403
0.92468698142041
0.255249514468805
0.542637899732562
-2.11414329895508
0.304324335132105
0.377634875612272
0.539382753871221
1.93371686239598
1.34893245149069
0.209728868667449
0.230114043134369
0.650697870946352
1.10653233412801
-3.12317775117598
-0.336728290133527
0.727325194214066
1.68483506356842
0.389770518881885
0.98019398306525
0.57932436704457
-3.36324118707443
-0.645523124893062
2.41009462946838
2.29624687429807
-10.4759927477739
2.75934554192147
0.401952172586701
-2.46804291650813
1.00510123408173
-10.7988989736611
3.5188785119952
1.3794164861694
-0.981417691856382
0.749317830334525
0.567415186632416
0.800402624652242
0.186023504701731
1.84499596621535
0.423687161021985
1.39378782122019
2.46956692394513
1.26258963675463
0.473645840232823
1.37578921884884
1.33899608419913
0.259999573024985
1.56288798902662
0.812942613482069
-0.59120791146234
-0.187903854177593
-1.45194338735335
0.928656562500015
-0.109546866110926
0.186365001088426
-0.136910401675623
0.913986188681384
-0.279126554161519
0.930963291622445
1.2032598295951
0.806820985655855
0.146209204892888
2.18850355758
0.160320779838179
0.344238091099212
-0.567635091372226
0.157212480581159
0.0809489372103524
-0.0618108696369565
0.299458956109142
-0.978063805458164
0.341767612313613
1.48591416281526
1.26352613593568
-0.853224755908599
0.411589018721481
-3.85799477494554
2.46018644534889
2.94986573694613
-1.96770135059834
-2.01413096082434
0.324409933558593
0.238828312897625
0.845325374733461
1.96099193086009
-1.05464846917148
-0.398955519256342
0.484821194342883
1.07062099775523
0.432270671064135
0.179388441683819
0.280944105017609
0.496126859889107
0.355804261320018
0.499215991554668
-0.344631316088363
2.61751590792714
-3.11718489040034
1.62963422229362
1.53455572709549
0.233260248536424
0.486076783370344
0.930440794318169
0.583397895463459
1.40772411795609
0.855766039196529
0.458474481026021
2.48587717151147
0.43539933155873
-3.82936531317543
1.17543834505031
0.320529406060794
1.20578582735896
-3.69911567541919
0.452765683778374
-1.9196282553652
-0.777441261003326
0.456882373123934
0.394778562408751
1.26110882848529
-0.72903273422263
1.0178495709755
1.25205689135528
0.713107361649286
-0.364590529681588
-0.699880162666933
0.349200708496788
0.702813978961014
-3.05893276700296
2.30958905744872
-0.571239271449671
0.384027699736054
1.43919218724902
-0.163539615430934
0.459357468692439
-0.999341371384958
1.46567747700835
0.846750755245153
0.536721401097506
0.969922876682671
-0.2688056030506
0.829929893840598
1.02915283992866
0.55760605097599
1.39866556144364
-3.85575255737692
0.863918663715436
3.56746247654153
0.226916350601215
-0.0370107025673196
1.47424247945499
0.981007442993421
0.157881827357033
1.08662217447394
0.454912250236143
1.26441938333557
2.59656579015979
2.03345842161811
-1.02167941371133
0.459512826159496
-0.913295215304891
0.817372828930372
0.785296000112765
1.29278354762424
0.0957526202766146
0.438615580848785
0.361849118178836
1.09181151819057
-0.242009156980423
0.106111288494423
0.443443323487304
0.945397125340787
0.933941664378485
0.723047879127627
0.900894360363399
3.59055119855935
-0.247845106336627
-0.369299589004647
1.3431574732014
1.66530355687148
0.445075747929688
1.62306597813305
1.26493325854743
2.38959120241596
-0.0224492019196115
1.26718892074572
0.314070057406251
2.40247651158727
0.677923090154712
0.735042671103437
0.791382136269931
0.581579503541533
0.871849871341733
0.738151457471146
0.689915464217939
0.200484446753733
1.33507168498939
0.851101651849149
0.108777701926999
1.00179427530788
0.83248659857404
0.299871477770982
0.881104612435381
0.660563813919433
0.518105255159665
0.279741758625959
0.0114945133724298
0.568583326799141
0.832325524478277
0.678633797042341
-0.207433075436576
0.321172418684535
0.77298678031935
-0.614739338325777
1.88167438911186
-0.359872519395878
0.886814965111523
0.343807234106883
-0.45989137359575
0.086968972454049
0.604744805805862
1.28069681529246
1.37271654295365
-2.13749200131229
0.337511255989726
0.911512478875225
0.172218731645183
0.375911075983086
-2.88925298990657
0.804658281082882
0.684152477681173
0.362032778858748
0.353399766907189
0.790314822584884
0.679750461540548
-2.47337870056739
-1.51541638300097
0.115115847455258
2.52311181073838
0.389085522378609
0.0673932889693681
0.87150762177489
0.477887665553627
1.56672843736826
-0.143265091257289
0.81120158759937
-0.266464016492388
0.772645931677932
1.4035769434828
5.74657808737764
0.37484468110379
0.448148804710895
0.414824776309817
-1.38104964845813
0.420183705023748
1.4546066797965
-0.535819446593629
0.954981245828205
0.927553860707886
-0.320584608057609
-0.0595821998919308
2.27964923201989
2.45650595347904
2.52156708998263
0.90399139745923
0.391921062573431
0.68211073036444
0.637703990276053
1.66689223903298
-1.81228893502585
3.397917350646
-1.30132678822886
0.698368815901967
2.03937398832739
0.884313056582059
0.922124653093254
2.40462233735809
1.23056193959252
-0.572747848873237
-1.09706019012184
0.467683100160932
0.784641079039168
1.22532596090496
0.455880231763508
0.618636185477785
0.263684576247629
0.565039787710393
0.32781322033401
0.490336987044909
1.25541613456264
0.256495054316191
0.643033429368515
0.580054500565289
0.501534420674897
-0.622393082367209
1.82334215685923
0.598859862789572
0.799967084363409
-0.128145852746958
0.707657861980903
0.838524132528392
0.490932157516409
0.781960146796909
0.838379754332312
0.0322828634185703
0.585205385886355
0.677571805465473
0.422122076911366
0.586173751716347
0.0685113779713707
1.72253625961847
0.176306888329487
0.776242364416659
0.826812255019739
0.647027436254158
0.621321294884572
0.3587703997998
0.0379363703451204
1.03640660243768
-0.735378101317763
1.83348422592857
0.551458885022913
2.03350703890889
2.31248100757002
0.0606800422615685
-1.00641043358932
0.988016879792054
1.4396986552859
0.95162096616731
0.439497064826918
0.667511573129002
0.724649193090419
1.41720026845488
1.27304251176131
1.20845738267309
0.927877622459059
1.31639259154847
0.718506778447082
-0.0834387881242959
0.189130427629512
1.98446742593896
-1.87749154900697
3.76379588739904
0.978838422962714
0.818161178002069
1.65405999671503
0.0917301597827482
-1.04215772311809
1.94639873327165
1.69904311031271
1.1034351382516
0.715927352823559
0.915540995931231
-6.10539783307099
1.66259697369544
0.280077489121632
0.700007510238437
0.687018113481944
0.378425661202814
0.0740556712952798
-0.533401264728691
0.698417801397722
-1.30047775433099
-0.226614313262349
2.39130399514045
0.901501308909145
1.00592983038859
1.57478719763187
-0.129472026596707
0.529026445190604
0.671495821830256
-1.23124755634479
0.80249044453188
0.899280762354759
0.610512532409721
1.19123509041567
0.276863493550661
0.507942332833758
0.837975548511907
1.58875306988282
-0.858475492975096
-0.522251629221
0.61622598754388
-4.28720243710614
0.936065999696967
-7.21047575036223
0.618255543158298
0.33096211259551
0.347647253423305
-5.49494345596222
0.546547582936675
0.121598685479065
-0.263977459708504
0.78989155176292
1.92557646061728
-1.40362345230321
-1.44498315809414
0.511009989213016
-10.990523939376
0.347288850368717
1.80763317135756
0.662738925519916
-1.86494917209937
1.56763167418678
0.890458043035889
0.501526415474771
7.63078939220313
1.27261570566064
0.339794135600573
0.745447250489517
0.689417006833824
0.156774086846687
0.552944343662752
0.289052729023137
-1.53930140993011
0.882028483361847
0.48299496055031
-1.10712817129502
0.521054439493319
0.43136547896014
0.694952072513456
0.794210245489823
0.781495015441484
-1.33222582970812
1.88210225046649
1.04972411230319
-1.91617179091414
0.337101321216742
0.265294699534667
-2.59896262796472
0.787677879181932
0.649553833493795
-0.482963780942015
1.22767878855536
0.543625442669498
0.401314334896029
0.368447916540814
0.876532204180648
0.345994866424576
0.681689890941317
0.58542834128001
0.88240643257419
-7.72089465301069
-1.09044304304594
-0.943222154383346
0.311790645139554
2.13811929915718
0.609518352644903
